Round 1:
    [0, 1, 2, 3], [4, 9, 20, 21], [5, 7, 10, 22], [6, 11, 12, 23], [8, 13, 14, 24], [15, 16, 25, 26], [17, 18, 19, 27]
Round 2:
    [0, 4, 5, 6], [1, 11, 15, 27], [2, 13, 17, 20], [3, 8, 22, 25], [7, 14, 18, 23], [9, 10, 19, 26], [12, 16, 21, 24]
Round 3:
    [0, 14, 16, 19], [1, 4, 7, 8], [2, 5, 12, 15], [3, 6, 9, 17], [20, 23, 24, 25], [21, 22, 26, 27], [10, 11, 13, 18]
Round 4:
    [0, 11, 20, 22], [1, 6, 16, 18], [2, 4, 19, 24], [3, 5, 14, 26], [7, 17, 21, 25], [8, 10, 12, 27], [9, 13, 15, 23]
Round 5:
    [0, 18, 24, 26], [1, 5, 13, 21], [2, 6, 10, 25], [3, 4, 23, 27], [7, 15, 19, 20], [8, 9, 11, 16], [12, 14, 17, 22]
Round 6:
    [0, 7, 9, 12], [1, 17, 23, 26], [2, 8, 18, 21], [3, 10, 15, 24], [4, 11, 14, 25], [5, 16, 20, 27], [6, 13, 19, 22]
Round 7:
    [0, 13, 25, 27], [1, 9, 22, 24], [2, 7, 11, 26], [3, 12, 18, 20], [4, 10, 16, 17], [5, 8, 19, 23], [6, 14, 15, 21]
Round 8:
    [0, 10, 21, 23], [1, 12, 19, 25], [2, 9, 14, 27], [3, 7, 13, 16], [4, 15, 18, 22], [5, 11, 17, 24], [6, 8, 20, 26]
Round 9:
    [0, 8, 15, 17], [1, 10, 14, 20], [2, 16, 22, 23], [3, 11, 19, 21], [4, 12, 13, 26], [5, 9, 18, 25], [6, 7, 24, 27]