Each player meets 15 different players
Every player has 1/2 East, 1/2 South, 1/2 West, 1/2 North
0, 1, 2, 3 & 4 do not move tables

1
[10, 0, 15, 5]
[6, 1, 16, 11]
[17, 2, 7, 12]
[18, 3, 8, 13]
[19, 4, 9, 14]

2
[18, 12, 0, 6]
[19, 13, 1, 7]
[15, 14, 2, 8]
[16, 10, 3, 9]
[17, 11, 4, 5]

3
[14, 16, 7, 0]
[8, 17, 10, 1]
[11, 18, 9, 2]
[12, 19, 5, 3]
[13, 15, 6, 4]

4
[8, 0, 19, 11]
[9, 1, 15, 12]
[5, 13, 16, 2]
[14, 3, 17, 6]
[7, 4, 18, 10]

5
[0, 9, 13, 17]
[1, 5, 14, 18]
[2, 6, 10, 19]
[3, 7, 11, 15]
[4, 8, 12, 16]