Each player meets 21 different players
Every player has 1/2 East, 1/2 South, 1/2 West, 1/2 North
0, 4 & 8 do not move tables

1
[18, 1, 2, 0]
[19, 4, 5, 3]
[20, 6, 8, 7]
[9, 15, 22, 12]
[10, 16, 23, 13]
[11, 17, 21, 14]

2
[3, 0, 9, 10]
[13, 14, 7, 4]
[17, 2, 8, 15]
[21, 20, 1, 12]
[22, 18, 5, 16]
[23, 19, 11, 6]

3
[21, 13, 0, 5]
[22, 17, 6, 4]
[23, 8, 1, 9]
[16, 19, 14, 2]
[20, 11, 3, 15]
[12, 18, 7, 10]

4
[15, 0, 6, 16]
[12, 23, 4, 2]
[18, 11, 13, 8]
[14, 22, 3, 1]
[10, 5, 17, 20]
[7, 21, 19, 9]

5
[11, 22, 0, 7]
[16, 9, 4, 20]
[5, 8, 12, 14]
[13, 1, 15, 19]
[2, 10, 21, 6]
[17, 23, 18, 3]

6
[0, 12, 17, 19]
[1, 4, 10, 11]
[8, 3, 16, 21]
[2, 13, 20, 22]
[5, 7, 15, 23]
[6, 9, 14, 18]

7
[0, 14, 20, 23]
[4, 15, 18, 21]
[8, 10, 19, 22]
[1, 7, 16, 17]
[9, 5, 2, 11]
[3, 6, 12, 13]