Each pair meets once
Every player has 2/3 East, 2/3 South, 2/3 West, 2/3 North
0 does not move tables

1
[3, 2, 1, 0]
[17, 12, 4, 21]
[18, 22, 5, 13]
[15, 26, 7, 10]
[16, 11, 27, 20]
[6, 24, 8, 14]
[23, 19, 25, 9]

2
[10, 0, 12, 18]
[7, 6, 5, 4]
[8, 16, 21, 25]
[22, 26, 9, 17]
[19, 2, 11, 14]
[15, 3, 20, 24]
[27, 23, 13, 1]

3
[19, 7, 24, 0]
[11, 10, 9, 8]
[1, 20, 25, 12]
[26, 2, 13, 21]
[23, 6, 15, 18]
[14, 4, 16, 22]
[3, 5, 17, 27]

4
[0, 11, 23, 4]
[13, 15, 14, 12]
[5, 24, 1, 16]
[2, 6, 17, 25]
[10, 27, 19, 22]
[18, 8, 20, 26]
[9, 7, 3, 21]

5
[9, 20, 0, 5]
[19, 18, 16, 17]
[21, 10, 6, 1]
[26, 14, 23, 3]
[27, 15, 4, 8]
[22, 12, 24, 2]
[11, 13, 7, 25]

6
[26, 16, 0, 6]
[22, 23, 21, 20]
[13, 4, 24, 9]
[25, 14, 10, 5]
[7, 18, 27, 2]
[3, 19, 8, 12]
[17, 1, 11, 15]

7
[0, 8, 17, 13]
[25, 27, 26, 24]
[14, 9, 1, 18]
[6, 22, 3, 11]
[7, 23, 12, 16]
[2, 20, 4, 10]
[5, 21, 15, 19]

8
[0, 25, 22, 15]
[4, 1, 19, 26]
[8, 5, 2, 23]
[12, 9, 27, 6]
[16, 3, 10, 13]
[20, 17, 14, 7]
[24, 21, 18, 11]

9
[21, 0, 14, 27]
[4, 25, 18, 3]
[1, 8, 22, 7]
[12, 5, 26, 11]
[16, 9, 2, 15]
[20, 13, 6, 19]
[24, 17, 10, 23]