Each player meets 30 different players
Every player has 2/3 East, 2/3 South, 2/3 West, 2/3 North
0, 1, 2, 3 don't move tables often

Round 1:
    [0, 1, 2, 3], [4, 5, 6, 7], [9, 8, 11, 10], [13, 12, 14, 15], [16, 17, 18, 19], [22, 21, 20, 23], [24, 25, 26, 27], [28, 29, 30, 31]
Round 2:
    [4, 0, 28, 8], [18, 22, 7, 1], [3, 31, 5, 10], [26, 19, 21, 15], [20, 24, 16, 12], [23, 2, 17, 6], [11, 25, 30, 13], [9, 27, 29, 14]
Round 3:
    [30, 27, 0, 21], [28, 26, 1, 23], [24, 6, 3, 13], [11, 14, 16, 5], [17, 7, 10, 12], [15, 20, 2, 9], [31, 25, 4, 18], [8, 19, 29, 22]
Round 4:
    [24, 0, 18, 11], [25, 19, 10, 1], [26, 3, 9, 17], [30, 22, 15, 5], [31, 21, 14, 6], [27, 2, 8, 16], [29, 23, 12, 4], [28, 20, 7, 13]
Round 5:
    [13, 10, 0, 22], [27, 4, 1, 15], [30, 3, 7, 8], [19, 23, 14, 24], [20, 17, 31, 11], [21, 28, 25, 2], [12, 18, 5, 9], [29, 26, 6, 16]
Round 6:
    [23, 31, 9, 0], [29, 24, 1, 5], [14, 28, 3, 18], [21, 13, 17, 8], [27, 10, 20, 6], [12, 30, 19, 2], [11, 26, 4, 22], [16, 15, 25, 7]
Round 7:
    [5, 0, 19, 20], [6, 30, 9, 1], [16, 21, 3, 4], [13, 18, 23, 27], [15, 28, 24, 10], [7, 29, 11, 2], [17, 14, 22, 25], [8, 31, 26, 12]
Round 8:
    [0, 15, 29, 17], [1, 13, 31, 16], [3, 12, 22, 27], [18, 30, 26, 20], [7, 9, 21, 24], [2, 4, 10, 14], [8, 5, 23, 25], [6, 11, 28, 19]
Round 9:
    [25, 6, 12, 0], [14, 1, 8, 20], [23, 11, 15, 3], [9, 16, 22, 28], [10, 18, 21, 29], [2, 5, 13, 26], [17, 4, 24, 30], [19, 7, 27, 31]
Round 10:
    [14, 7, 0, 26], [1, 11, 12, 21], [3, 20, 25, 29], [5, 17, 27, 28], [6, 8, 15, 18], [22, 2, 31, 24], [4, 9, 13, 19], [10, 16, 23, 30]