Each player meets 33 different players
Every player has 2/3 East, 2/3 South, 2/3 West, 2/3 North

Round 1:
    [25, 28, 0, 10], [22, 1, 4, 12], [24, 34, 13, 16], [29, 2, 6, 8], [20, 18, 5, 14], [32, 26, 30, 17], [19, 33, 3, 23], [15, 31, 35, 9], [27, 7, 21, 11]
Round 2:
    [26, 29, 1, 0], [12, 2, 5, 13], [17, 24, 25, 14], [30, 9, 3, 7], [21, 15, 19, 6], [33, 27, 31, 18], [4, 23, 34, 20], [35, 32, 10, 16], [28, 8, 22, 11]
Round 3:
    [27, 30, 2, 1], [14, 6, 13, 3], [26, 18, 25, 15], [31, 10, 8, 4], [20, 16, 22, 7], [34, 32, 28, 19], [23, 21, 24, 5], [35, 17, 33, 0], [11, 29, 12, 9]
Round 4:
    [31, 28, 2, 3], [7, 15, 14, 4], [16, 19, 26, 27], [32, 0, 9, 5], [17, 21, 12, 8], [33, 29, 20, 24], [25, 23, 22, 6], [35, 1, 34, 18], [30, 10, 11, 13]
Round 5:
    [32, 4, 3, 29], [16, 8, 5, 15], [17, 20, 27, 28], [33, 6, 1, 10], [18, 22, 9, 13], [34, 30, 21, 25], [23, 26, 7, 12], [19, 35, 24, 2], [31, 0, 11, 14]
Round 6:
    [30, 33, 4, 5], [9, 16, 6, 17], [21, 28, 18, 29], [34, 2, 0, 7], [10, 19, 14, 12], [22, 31, 26, 24], [27, 13, 8, 23], [20, 35, 25, 3], [11, 32, 15, 1]
Round 7:
    [5, 34, 31, 6], [18, 17, 7, 10], [19, 30, 29, 22], [24, 3, 1, 8], [13, 20, 15, 0], [12, 25, 27, 32], [28, 14, 9, 23], [4, 35, 26, 21], [11, 33, 16, 2]
Round 8:
    [6, 7, 32, 24], [8, 0, 18, 19], [12, 20, 30, 31], [9, 4, 2, 25], [21, 14, 16, 1], [13, 26, 28, 33], [10, 23, 15, 29], [5, 22, 27, 35], [3, 34, 17, 11]
Round 9:
    [7, 25, 8, 33], [1, 9, 19, 20], [13, 21, 31, 32], [3, 5, 10, 26], [2, 15, 17, 22], [29, 27, 14, 34], [0, 16, 23, 30], [6, 12, 35, 28], [24, 11, 18, 4]
Round 10:
    [8, 9, 34, 26], [2, 10, 20, 21], [14, 22, 32, 33], [0, 4, 6, 27], [3, 12, 16, 18], [15, 24, 28, 30], [1, 17, 23, 31], [7, 13, 29, 35], [5, 11, 19, 25]
Round 11:
    [9, 24, 10, 27], [0, 3, 21, 22], [15, 12, 33, 34], [1, 5, 7, 28], [4, 13, 17, 19], [16, 25, 29, 31], [2, 18, 23, 32], [8, 14, 30, 35], [6, 11, 20, 26]