Each pair meets once
Every player has 3/4 East, 3/4 South, 3/4 West, 3/4 North
0 does not move tables

1
[0, 4, 1, 13]
[2, 3, 6, 15]
[11, 37, 16, 5]
[31, 24, 9, 7]
[8, 38, 18, 28]
[33, 10, 17, 35]
[36, 14, 29, 12]
[23, 20, 19, 32]
[34, 22, 25, 21]
[26, 39, 30, 27]

2
[24, 2, 0, 17]
[7, 1, 12, 33]
[3, 5, 27, 20]
[28, 4, 6, 21]
[32, 8, 25, 10]
[29, 19, 39, 9]
[34, 36, 18, 11]
[30, 13, 37, 15]
[38, 31, 14, 16]
[26, 23, 35, 22]

3
[12, 0, 3, 39]
[1, 2, 5, 14]
[38, 30, 4, 9]
[10, 7, 6, 19]
[22, 27, 16, 8]
[28, 11, 13, 35]
[23, 34, 15, 29]
[36, 31, 17, 25]
[32, 26, 37, 18]
[21, 33, 20, 24]

4
[34, 5, 0, 26]
[10, 38, 37, 1]
[22, 32, 12, 2]
[21, 3, 19, 36]
[4, 25, 39, 33]
[13, 29, 31, 6]
[8, 7, 11, 20]
[17, 9, 23, 28]
[18, 15, 27, 14]
[16, 30, 24, 35]

5
[11, 6, 32, 0]
[8, 1, 24, 26]
[31, 23, 2, 37]
[9, 35, 14, 3]
[36, 15, 10, 4]
[29, 22, 5, 7]
[16, 25, 12, 13]
[30, 21, 18, 17]
[19, 38, 33, 27]
[39, 28, 20, 34]

6
[37, 36, 9, 0]
[6, 27, 35, 1]
[13, 8, 2, 34]
[4, 16, 7, 3]
[23, 5, 38, 21]
[29, 18, 24, 10]
[19, 30, 11, 25]
[26, 20, 31, 12]
[28, 14, 22, 33]
[17, 32, 15, 39]

7
[8, 0, 14, 19]
[11, 21, 1, 31]
[33, 2, 29, 30]
[10, 26, 3, 28]
[12, 23, 4, 18]
[25, 35, 15, 5]
[24, 6, 39, 22]
[37, 17, 27, 7]
[32, 9, 16, 34]
[38, 13, 36, 20]

8
[22, 15, 0, 38]
[17, 34, 19, 1]
[16, 10, 21, 2]
[37, 29, 8, 3]
[31, 32, 35, 4]
[30, 5, 28, 12]
[25, 14, 20, 6]
[7, 18, 13, 39]
[33, 26, 11, 9]
[24, 23, 36, 27]

9
[18, 0, 33, 16]
[1, 28, 29, 32]
[27, 9, 25, 2]
[34, 3, 30, 31]
[20, 37, 4, 22]
[19, 24, 5, 13]
[12, 17, 38, 6]
[21, 26, 7, 15]
[35, 39, 8, 36]
[10, 11, 14, 23]

10
[0, 20, 10, 30]
[39, 16, 23, 1]
[2, 36, 7, 28]
[3, 17, 22, 11]
[4, 24, 34, 14]
[5, 6, 9, 18]
[15, 31, 8, 33]
[35, 37, 12, 19]
[13, 27, 21, 32]
[25, 29, 26, 38]

11
[7, 25, 23, 0]
[1, 30, 22, 36]
[20, 18, 2, 35]
[3, 38, 32, 24]
[27, 11, 4, 29]
[31, 39, 10, 5]
[6, 34, 33, 37]
[9, 12, 21, 8]
[14, 13, 26, 17]
[15, 19, 28, 16]

12
[0, 27, 28, 31]
[18, 1, 3, 25]
[2, 19, 26, 4]
[5, 33, 32, 36]
[6, 8, 30, 23]
[35, 7, 34, 38]
[9, 10, 13, 22]
[15, 12, 11, 24]
[14, 21, 39, 37]
[20, 16, 29, 17]

13
[0, 35, 21, 29]
[15, 20, 1, 9]
[39, 2, 38, 11]
[3, 33, 13, 23]
[5, 4, 17, 8]
[6, 16, 36, 26]
[14, 7, 32, 30]
[27, 12, 34, 10]
[18, 22, 31, 19]
[25, 28, 37, 24]