92 Players, 29 Rounds
Each player meets 87 different opponents
Every player has 7/8 East, 7/8 South, 7/8 West, 7/8 North
In round 1-22, player 0-22 do not move (& therefore don't meet)
Sorting players by region prevents nearby opponents from meeting

Round 1
[48, 24, 72, 0], [49, 1, 73, 25], [50, 2, 74, 26], [51, 3, 75, 27], [52, 4, 76, 28], [53, 29, 77, 5], [54, 30, 78, 6], [55, 31, 79, 7], [56, 8, 80, 32], [57, 33, 81, 9], [34, 58, 82, 10], [59, 11, 83, 35], [60, 12, 84, 36], [61, 37, 85, 13], [38, 62, 86, 14], [63, 15, 87, 39], [64, 40, 88, 16], [65, 41, 89, 17], [66, 42, 90, 18], [67, 43, 91, 19], [68, 20, 69, 44], [46, 21, 70, 45], [47, 22, 71, 23], 

Round 2
[25, 50, 75, 0], [51, 26, 76, 1], [52, 27, 77, 2], [3, 53, 78, 28], [54, 4, 79, 29], [55, 5, 80, 30], [56, 6, 81, 31], [57, 7, 82, 32], [58, 8, 83, 33], [59, 9, 34, 84], [60, 10, 85, 35], [36, 11, 61, 86], [12, 62, 87, 37], [13, 38, 88, 63], [14, 39, 89, 64], [15, 65, 90, 40], [66, 16, 91, 41], [67, 17, 69, 42], [68, 18, 70, 43], [19, 46, 71, 44], [47, 45, 72, 20], [48, 21, 73, 23], [49, 22, 74, 24], 

Round 3
[52, 0, 78, 26], [27, 53, 1, 79], [28, 2, 80, 54], [29, 55, 3, 81], [30, 56, 82, 4], [5, 57, 83, 31], [6, 58, 32, 84], [7, 59, 85, 33], [34, 60, 86, 8], [9, 61, 87, 35], [62, 10, 36, 88], [11, 63, 89, 37], [38, 64, 90, 12], [65, 13, 39, 91], [40, 14, 66, 69], [15, 67, 70, 41], [42, 16, 71, 68], [43, 46, 72, 17], [44, 47, 18, 73], [19, 48, 74, 45], [23, 49, 20, 75], [21, 50, 76, 24], [22, 51, 77, 25], 

Round 4
[0, 54, 81, 27], [1, 55, 28, 82], [56, 2, 29, 83], [84, 3, 30, 57], [85, 58, 31, 4], [86, 59, 5, 32], [6, 60, 33, 87], [61, 7, 34, 88], [35, 8, 62, 89], [36, 63, 9, 90], [37, 10, 91, 64], [69, 65, 11, 38], [39, 66, 12, 70], [13, 67, 71, 40], [41, 68, 72, 14], [42, 46, 73, 15], [16, 47, 43, 74], [75, 17, 44, 48], [49, 18, 45, 76], [50, 19, 23, 77], [51, 20, 24, 78], [25, 52, 79, 21], [80, 53, 22, 26], 

Round 5
[84, 0, 28, 56], [85, 57, 1, 29], [86, 58, 2, 30], [87, 59, 31, 3], [88, 60, 32, 4], [89, 61, 33, 5], [90, 62, 6, 34], [91, 63, 35, 7], [8, 64, 69, 36], [70, 65, 37, 9], [71, 66, 10, 38], [72, 67, 11, 39], [73, 12, 40, 68], [74, 46, 41, 13], [75, 14, 42, 47], [76, 15, 43, 48], [77, 16, 44, 49], [78, 17, 45, 50], [79, 18, 23, 51], [24, 52, 19, 80], [81, 53, 20, 25], [82, 21, 26, 54], [83, 55, 27, 22], 

Round 6
[87, 0, 29, 58], [88, 1, 30, 59], [89, 60, 2, 31], [90, 3, 32, 61], [91, 62, 4, 33], [69, 5, 34, 63], [70, 6, 35, 64], [71, 65, 7, 36], [66, 8, 37, 72], [73, 9, 38, 67], [74, 68, 10, 39], [75, 11, 40, 46], [76, 12, 41, 47], [77, 48, 13, 42], [78, 49, 14, 43], [79, 50, 15, 44], [80, 51, 16, 45], [81, 17, 23, 52], [82, 18, 24, 53], [83, 54, 25, 19], [26, 20, 84, 55], [85, 56, 27, 21], [86, 22, 28, 57], 

Round 7
[90, 60, 0, 30], [91, 61, 31, 1], [69, 62, 2, 32], [70, 63, 33, 3], [71, 64, 4, 34], [72, 5, 35, 65], [73, 66, 36, 6], [74, 7, 37, 67], [75, 68, 8, 38], [76, 46, 39, 9], [77, 47, 10, 40], [78, 48, 11, 41], [79, 49, 12, 42], [80, 50, 13, 43], [81, 14, 44, 51], [82, 15, 45, 52], [83, 16, 23, 53], [84, 54, 17, 24], [85, 55, 25, 18], [86, 56, 19, 26], [87, 57, 27, 20], [88, 21, 28, 58], [89, 59, 22, 29], 

Round 8
[70, 62, 0, 31], [63, 1, 32, 71], [72, 64, 33, 2], [73, 65, 34, 3], [74, 66, 4, 35], [75, 67, 36, 5], [76, 6, 37, 68], [77, 7, 38, 46], [78, 47, 39, 8], [79, 48, 9, 40], [80, 10, 41, 49], [81, 50, 42, 11], [82, 51, 43, 12], [83, 52, 13, 44], [84, 53, 14, 45], [85, 54, 15, 23], [86, 16, 24, 55], [87, 56, 17, 25], [88, 57, 18, 26], [89, 58, 27, 19], [90, 20, 28, 59], [91, 21, 29, 60], [69, 61, 30, 22], 

Round 9
[73, 64, 0, 32], [74, 65, 1, 33], [75, 2, 34, 66], [76, 3, 35, 67], [77, 68, 36, 4], [78, 5, 37, 46], [79, 6, 38, 47], [80, 48, 7, 39], [81, 8, 40, 49], [82, 9, 41, 50], [83, 51, 42, 10], [84, 52, 43, 11], [53, 12, 44, 85], [86, 13, 45, 54], [87, 55, 14, 23], [88, 15, 24, 56], [89, 57, 16, 25], [90, 58, 26, 17], [91, 59, 18, 27], [69, 19, 28, 60], [70, 61, 20, 29], [71, 62, 21, 30], [72, 22, 31, 63], 

Round 10
[76, 66, 33, 0], [67, 77, 1, 34], [68, 78, 2, 35], [46, 3, 79, 36], [47, 4, 80, 37], [81, 5, 38, 48], [82, 49, 6, 39], [50, 7, 40, 83], [84, 8, 41, 51], [52, 85, 9, 42], [53, 86, 10, 43], [44, 54, 11, 87], [88, 12, 45, 55], [89, 56, 13, 23], [57, 14, 24, 90], [58, 91, 25, 15], [69, 59, 16, 26], [60, 70, 17, 27], [61, 71, 18, 28], [72, 19, 29, 62], [63, 73, 30, 20], [74, 64, 31, 21], [65, 75, 22, 32], 

Round 11
[79, 0, 34, 68], [46, 80, 35, 1], [47, 81, 36, 2], [48, 82, 3, 37], [83, 49, 4, 38], [50, 84, 39, 5], [85, 51, 6, 40], [52, 86, 7, 41], [53, 87, 8, 42], [88, 54, 43, 9], [55, 89, 44, 10], [56, 90, 11, 45], [57, 91, 12, 23], [58, 13, 69, 24], [59, 70, 25, 14], [60, 71, 26, 15], [61, 72, 27, 16], [73, 17, 28, 62], [63, 74, 29, 18], [64, 19, 75, 30], [65, 20, 76, 31], [77, 66, 21, 32], [67, 78, 22, 33], 

Round 12
[35, 82, 0, 47], [48, 83, 1, 36], [49, 84, 2, 37], [50, 85, 38, 3], [51, 86, 39, 4], [52, 87, 5, 40], [53, 88, 6, 41], [54, 89, 42, 7], [55, 90, 8, 43], [56, 91, 9, 44], [57, 69, 10, 45], [58, 70, 23, 11], [59, 71, 12, 24], [60, 72, 25, 13], [61, 73, 14, 26], [62, 74, 15, 27], [28, 75, 16, 63], [64, 76, 17, 29], [65, 77, 30, 18], [66, 78, 31, 19], [67, 20, 32, 79], [68, 80, 33, 21], [46, 81, 22, 34], 

Round 13
[49, 85, 36, 0], [37, 86, 1, 50], [51, 87, 38, 2], [52, 88, 3, 39], [53, 89, 40, 4], [54, 90, 5, 41], [42, 91, 6, 55], [56, 69, 43, 7], [44, 70, 8, 57], [58, 9, 45, 71], [23, 72, 10, 59], [60, 73, 11, 24], [25, 74, 12, 61], [62, 75, 26, 13], [63, 76, 27, 14], [28, 77, 15, 64], [65, 78, 16, 29], [30, 79, 17, 66], [31, 80, 18, 67], [32, 68, 19, 81], [33, 82, 20, 46], [47, 83, 21, 34], [48, 84, 35, 22], 

Round 14
[37, 88, 0, 51], [38, 89, 1, 52], [39, 90, 2, 53], [40, 91, 3, 54], [41, 69, 4, 55], [42, 70, 5, 56], [43, 71, 57, 6], [44, 72, 7, 58], [45, 73, 8, 59], [23, 74, 9, 60], [24, 75, 10, 61], [62, 76, 11, 25], [26, 77, 12, 63], [27, 78, 13, 64], [28, 79, 14, 65], [29, 80, 15, 66], [30, 81, 16, 67], [31, 82, 68, 17], [46, 83, 32, 18], [33, 84, 19, 47], [34, 85, 20, 48], [35, 86, 21, 49], [36, 87, 22, 50], 

Round 15
[38, 91, 0, 53], [39, 69, 54, 1], [40, 70, 55, 2], [41, 71, 3, 56], [42, 72, 4, 57], [43, 73, 5, 58], [44, 74, 59, 6], [45, 75, 7, 60], [23, 76, 61, 8], [24, 77, 9, 62], [25, 78, 63, 10], [26, 79, 64, 11], [27, 80, 65, 12], [28, 81, 66, 13], [29, 82, 67, 14], [30, 83, 15, 68], [31, 84, 46, 16], [32, 85, 47, 17], [33, 86, 18, 48], [34, 87, 19, 49], [35, 88, 50, 20], [36, 89, 21, 51], [37, 90, 22, 52], 

Round 16
[39, 71, 55, 0], [40, 72, 56, 1], [41, 73, 57, 2], [42, 3, 74, 58], [43, 4, 75, 59], [44, 76, 60, 5], [45, 77, 61, 6], [23, 7, 78, 62], [63, 79, 24, 8], [25, 80, 64, 9], [65, 81, 26, 10], [27, 11, 82, 66], [28, 83, 67, 12], [29, 84, 68, 13], [30, 85, 14, 46], [31, 47, 86, 15], [32, 87, 48, 16], [33, 88, 49, 17], [50, 89, 34, 18], [35, 90, 51, 19], [36, 52, 91, 20], [37, 69, 53, 21], [38, 70, 54, 22], 

Round 17
[40, 0, 74, 57], [41, 1, 75, 58], [76, 2, 42, 59], [43, 60, 77, 3], [61, 4, 78, 44], [45, 79, 62, 5], [23, 63, 80, 6], [24, 81, 64, 7], [25, 8, 82, 65], [26, 83, 66, 9], [27, 10, 84, 67], [28, 85, 68, 11], [29, 12, 86, 46], [30, 13, 87, 47], [48, 14, 88, 31], [32, 49, 89, 15], [33, 16, 90, 50], [34, 17, 91, 51], [35, 18, 69, 52], [36, 19, 70, 53], [54, 37, 71, 20], [38, 21, 72, 55], [39, 22, 73, 56], 

Round 18
[0, 41, 77, 59], [42, 1, 78, 60], [43, 2, 79, 61], [62, 44, 80, 3], [4, 45, 81, 63], [64, 23, 82, 5], [24, 6, 83, 65], [66, 25, 84, 7], [26, 67, 85, 8], [68, 9, 86, 27], [10, 87, 46, 28], [29, 11, 88, 47], [12, 30, 89, 48], [31, 13, 90, 49], [32, 14, 91, 50], [51, 15, 69, 33], [34, 16, 70, 52], [71, 35, 53, 17], [36, 18, 72, 54], [37, 19, 73, 55], [38, 20, 74, 56], [21, 39, 75, 57], [40, 76, 58, 22], 

Round 19
[0, 42, 80, 61], [1, 43, 81, 62], [2, 44, 63, 82], [64, 45, 83, 3], [4, 23, 84, 65], [5, 24, 85, 66], [6, 25, 67, 86], [7, 26, 87, 68], [46, 27, 88, 8], [9, 28, 47, 89], [10, 29, 48, 90], [11, 30, 49, 91], [12, 31, 50, 69], [13, 32, 51, 70], [14, 33, 52, 71], [15, 34, 53, 72], [16, 35, 73, 54], [17, 36, 55, 74], [18, 37, 56, 75], [19, 38, 57, 76], [58, 39, 20, 77], [21, 40, 59, 78], [22, 41, 79, 60], 

Round 20
[0, 43, 63, 83], [1, 44, 84, 64], [2, 45, 65, 85], [3, 23, 66, 86], [4, 67, 24, 87], [5, 25, 68, 88], [6, 26, 89, 46], [7, 27, 47, 90], [8, 28, 48, 91], [9, 29, 49, 69], [10, 30, 50, 70], [11, 31, 51, 71], [12, 32, 52, 72], [33, 13, 53, 73], [14, 34, 54, 74], [15, 35, 55, 75], [16, 36, 76, 56], [17, 37, 57, 77], [18, 38, 58, 78], [19, 39, 59, 79], [20, 40, 60, 80], [21, 41, 61, 81], [22, 42, 62, 82], 

Round 21
[0, 44, 65, 86], [1, 45, 66, 87], [2, 23, 67, 88], [3, 24, 68, 89], [4, 25, 46, 90], [5, 26, 47, 91], [6, 27, 48, 69], [7, 28, 49, 70], [8, 29, 50, 71], [9, 30, 51, 72], [10, 31, 52, 73], [11, 32, 53, 74], [12, 33, 54, 75], [55, 34, 76, 13], [14, 35, 56, 77], [15, 36, 57, 78], [16, 37, 58, 79], [17, 38, 59, 80], [18, 39, 60, 81], [19, 40, 61, 82], [20, 41, 62, 83], [21, 42, 63, 84], [22, 43, 64, 85], 

Round 22
[45, 0, 67, 89], [1, 23, 68, 90], [2, 24, 46, 91], [3, 25, 47, 69], [4, 26, 70, 48], [5, 27, 49, 71], [6, 28, 50, 72], [7, 29, 51, 73], [8, 30, 52, 74], [9, 31, 53, 75], [10, 32, 54, 76], [11, 33, 55, 77], [12, 34, 56, 78], [13, 35, 57, 79], [14, 36, 58, 80], [15, 37, 59, 81], [16, 38, 60, 82], [17, 39, 61, 83], [18, 40, 62, 84], [19, 41, 63, 85], [20, 42, 64, 86], [21, 43, 65, 87], [22, 44, 66, 88], 

Round 23
[18, 1, 2, 0], [3, 4, 5, 19], [20, 6, 8, 7], [9, 15, 22, 12], [11, 17, 21, 14], [41, 24, 25, 23], [27, 42, 26, 28], [43, 29, 31, 30], [32, 38, 45, 35], [34, 40, 44, 37], [64, 47, 48, 46], [65, 50, 51, 49], [66, 52, 54, 53], [55, 61, 68, 58], [57, 63, 67, 60], [87, 70, 71, 69], [73, 88, 74, 72], [89, 75, 77, 76], [78, 84, 91, 81], [80, 86, 90, 83], [10, 33, 56, 79], [13, 36, 59, 82], [16, 39, 62, 85], 

Round 24
[3, 0, 9, 10], [13, 14, 7, 4], [17, 2, 8, 15], [21, 20, 1, 12], [22, 18, 5, 16], [26, 23, 32, 33], [27, 37, 30, 36], [40, 25, 31, 38], [44, 43, 24, 35], [45, 39, 41, 28], [49, 46, 55, 56], [59, 60, 53, 50], [63, 48, 54, 61], [67, 66, 47, 58], [68, 64, 51, 62], [72, 69, 78, 79], [82, 83, 76, 73], [86, 71, 77, 84], [90, 89, 70, 81], [91, 74, 87, 85], [6, 29, 52, 75], [11, 34, 57, 80], [19, 42, 65, 88], 

Round 25
[5, 13, 0, 21], [22, 17, 6, 4], [16, 19, 14, 2], [20, 11, 3, 15], [12, 18, 7, 10], [44, 36, 23, 28], [45, 40, 29, 27], [39, 42, 37, 25], [26, 34, 43, 38], [35, 41, 30, 33], [67, 59, 46, 51], [68, 63, 52, 50], [62, 65, 60, 48], [66, 57, 49, 61], [58, 53, 56, 64], [90, 82, 69, 74], [91, 86, 75, 73], [85, 88, 83, 71], [89, 72, 80, 84], [81, 87, 79, 76], [1, 24, 47, 70], [8, 31, 54, 77], [9, 32, 55, 78], 

Round 26
[15, 0, 6, 16], [18, 11, 13, 8], [14, 22, 3, 1], [10, 5, 17, 20], [7, 21, 19, 9], [38, 23, 29, 39], [41, 34, 36, 31], [37, 45, 26, 24], [33, 28, 40, 43], [30, 44, 42, 32], [61, 46, 52, 62], [64, 57, 59, 54], [60, 68, 49, 47], [56, 51, 63, 66], [53, 67, 65, 55], [84, 69, 75, 85], [87, 80, 82, 77], [83, 91, 72, 70], [79, 74, 86, 89], [76, 90, 88, 78], [2, 25, 48, 71], [4, 27, 50, 73], [12, 35, 58, 81], 

Round 27
[11, 22, 7, 0], [20, 9, 4, 16], [5, 8, 12, 14], [13, 1, 15, 19], [2, 10, 21, 6], [34, 45, 23, 30], [39, 32, 27, 43], [28, 31, 35, 37], [36, 24, 38, 42], [25, 33, 44, 29], [57, 68, 46, 53], [62, 55, 50, 66], [51, 54, 58, 60], [59, 47, 61, 65], [48, 56, 67, 52], [80, 91, 69, 76], [85, 78, 73, 89], [74, 77, 81, 83], [82, 88, 84, 70], [71, 79, 90, 75], [3, 26, 49, 72], [17, 40, 63, 86], [18, 41, 64, 87], 

Round 28
[0, 12, 17, 19], [1, 4, 10, 11], [8, 3, 16, 21], [2, 13, 20, 22], [6, 9, 14, 18], [23, 35, 40, 42], [24, 27, 33, 34], [31, 26, 39, 44], [25, 36, 43, 45], [29, 32, 37, 41], [46, 58, 63, 65], [47, 50, 56, 57], [54, 49, 62, 67], [59, 48, 66, 68], [52, 55, 60, 64], [69, 81, 86, 88], [70, 73, 79, 80], [77, 72, 85, 90], [71, 82, 89, 91], [75, 78, 83, 87], [5, 28, 51, 74], [7, 30, 53, 76], [15, 38, 61, 84], 

Round 29
[4, 15, 18, 21], [8, 10, 19, 22], [17, 7, 16, 1], [9, 5, 2, 11], [3, 6, 13, 12], [27, 44, 41, 38], [31, 33, 42, 45], [24, 30, 39, 40], [32, 28, 25, 34], [26, 29, 35, 36], [50, 61, 64, 67], [54, 56, 65, 68], [47, 53, 62, 63], [55, 51, 48, 57], [49, 52, 58, 59], [73, 84, 87, 90], [77, 79, 88, 91], [70, 76, 85, 86], [78, 74, 71, 80], [72, 75, 81, 82], [0, 23, 46, 69], [14, 37, 60, 83], [20, 43, 66, 89], 